Point Mutation:
   	      	                                fitness                                 	                      size                     
   	      	------------------------------------------------------------------------	-----------------------------------------------
gen	nevals	avg      	gen	max     	min        	nevals	std     	avg    	gen	max	min	nevals	std    
0  	300   	5.63209  	0  	1080.77 	0.328818   	300   	62.2385 	3.76333	0  	7  	2  	300   	1.61678
1  	173   	1.12668  	1  	13.8049 	0.328818   	173   	1.21659 	3.55333	1  	7  	2  	173   	1.49237
2  	178   	0.972242 	2  	17.5026 	0.328818   	178   	1.32143 	3.64   	2  	8  	2  	178   	1.54177
3  	163   	0.821908 	3  	13.9441 	0.328818   	163   	0.904601	3.62333	3  	7  	2  	163   	1.55396
4  	154   	0.732679 	4  	2.9829  	0.328818   	154   	0.477803	3.92333	4  	7  	2  	154   	1.53105
5  	153   	0.740525 	5  	3.35292 	0.328818   	153   	0.535854	4.22333	5  	8  	2  	153   	1.49224
6  	173   	0.800019 	6  	14.0522 	0.328818   	173   	0.954127	4.69   	6  	8  	2  	173   	1.45163
7  	185   	0.801236 	7  	15.5923 	0.328818   	185   	1.03709 	4.93667	7  	9  	2  	185   	1.37088
8  	169   	0.734729 	8  	14.2339 	0.326936   	169   	0.981604	5.06667	8  	10 	2  	169   	1.39364
9  	154   	0.602771 	9  	2.54124 	0.315347   	154   	0.489166	5.07333	9  	11 	2  	154   	1.40521
10 	160   	0.6508   	10 	6.1116  	0.285762   	160   	0.663199	5.09   	10 	11 	3  	160   	1.50174
11 	167   	0.727812 	11 	6.1116  	0.193912   	167   	0.707428	5.14   	11 	11 	3  	167   	1.58337
12 	183   	0.619491 	12 	6.1116  	0.160607   	183   	0.593848	5.44   	12 	13 	3  	183   	1.88142
13 	143   	0.637224 	13 	14.0522 	0.150643   	143   	0.949163	5.95333	13 	14 	3  	143   	2.44632
14 	182   	0.68196  	14 	14.0522 	0.131022   	182   	1.20434 	6.83667	14 	19 	3  	182   	2.8977 
15 	182   	0.502581 	15 	2.54124 	0.0668694  	182   	0.436271	7.8    	15 	19 	3  	182   	3.33667
16 	155   	0.428871 	16 	3.35292 	0.101561   	155   	0.4217  	9.05667	16 	19 	3  	155   	3.65424
17 	169   	0.354485 	17 	1.6338  	0.0291997  	169   	0.300368	10.61  	17 	24 	3  	169   	4.13496
18 	149   	0.302025 	18 	2.86144 	0.0186552  	149   	0.395255	11.9033	18 	33 	3  	149   	4.08256
19 	161   	0.347927 	19 	14.8404 	0.0186552  	161   	1.20568 	13.1367	19 	29 	3  	161   	4.02467
20 	181   	0.326926 	20 	14.3453 	0.00775221 	181   	1.17077 	14.25  	20 	27 	3  	181   	3.90992
21 	182   	0.311375 	21 	15.1126 	0.00729712 	182   	1.23861 	15.71  	21 	30 	5  	182   	4.46459
22 	150   	3.75222  	22 	1080.34 	0.00729712 	150   	62.261  	17.0867	22 	33 	6  	150   	4.31035
23 	185   	0.164324 	23 	4.26989 	0.00221237 	185   	0.342708	18.2133	23 	37 	7  	185   	4.64914
24 	168   	0.152084 	24 	2.9596  	0.00221237 	168   	0.296119	18.49  	24 	35 	7  	168   	4.60614
25 	167   	0.141317 	25 	1.70144 	0.00203819 	167   	0.245114	18.5833	25 	35 	6  	167   	4.76827
26 	156   	0.160429 	26 	15.9426 	0.00203819 	156   	0.93372 	19.5767	26 	43 	6  	156   	5.2438 
27 	178   	0.302991 	27 	35.3336 	4.50668e-33	178   	2.46268 	21.02  	27 	44 	6  	178   	5.87137
28 	176   	0.352556 	28 	74.2324 	4.50668e-33	176   	4.27818 	22.86  	28 	46 	7  	176   	6.01002
29 	159   	0.126268 	29 	14.1187 	4.50668e-33	159   	0.832997	23.0667	29 	57 	5  	159   	6.84803
30 	154   	0.0665451	30 	1.0752  	4.50668e-33	154   	0.156609	22.5833	30 	41 	7  	154   	5.83521
31 	170   	0.16957  	31 	14.046  	4.50668e-33	170   	1.15275 	22.1467	31 	52 	5  	170   	6.96791
32 	167   	0.0989907	32 	2.01389 	4.50668e-33	167   	0.249574	21.0767	32 	41 	7  	167   	6.97836
33 	194   	0.16138  	33 	14.2184 	4.50668e-33	194   	0.846057	20.68  	33 	47 	7  	194   	7.90175
34 	158   	0.16869  	34 	26.4593 	4.50668e-33	158   	1.52808 	19.8733	34 	43 	7  	158   	7.93666
35 	156   	0.289321 	35 	31.5607 	4.50668e-33	156   	2.19794 	18.7233	35 	52 	5  	156   	7.51266
36 	169   	0.330721 	36 	26.4593 	4.50668e-33	169   	2.30254 	16.9567	36 	52 	7  	169   	5.80127
37 	163   	0.0898968	37 	1.235   	4.50668e-33	163   	0.172811	16.0467	37 	39 	7  	163   	4.07731
38 	167   	0.163398 	38 	14.136  	4.50668e-33	167   	0.835193	15.7967	38 	37 	7  	167   	3.20239
39 	174   	0.0979802	39 	1.71346 	4.50668e-33	174   	0.203913	15.66  	39 	27 	7  	174   	3.14183
40 	151   	0.174135 	40 	26.4593 	4.50668e-33	151   	1.5344  	15.8867	40 	27 	7  	151   	3.2167 
41 	150   	0.0824047	41 	0.909093	4.50668e-33	150   	0.152033	15.8533	41 	27 	7  	150   	3.17781
42 	169   	7.18355  	42 	2132.52 	4.50668e-33	169   	122.912 	15.8067	42 	29 	7  	169   	3.41408
43 	162   	0.374991 	43 	31.8821 	4.50668e-33	162   	2.65425 	15.7733	43 	27 	7  	162   	2.99142
44 	155   	0.0906069	44 	1.07866 	4.50668e-33	155   	0.176734	15.8467	44 	31 	7  	155   	3.51992
45 	172   	0.123991 	45 	14.136  	4.50668e-33	172   	0.824104	15.78  	45 	29 	7  	172   	3.16516
46 	170   	0.142023 	46 	14.136  	4.50668e-33	170   	0.832443	15.6333	46 	25 	7  	170   	3.19357
47 	179   	0.0878605	47 	0.81332 	4.50668e-33	179   	0.154371	15.6333	47 	25 	7  	179   	3.39591
48 	185   	0.264966 	48 	26.4593 	4.50668e-33	185   	1.80223 	15.5933	48 	27 	7  	185   	3.43821
49 	143   	0.223363 	49 	26.4593 	4.50668e-33	143   	1.73165 	15.8   	49 	29 	7  	143   	3.15383
50 	153   	0.272408 	50 	28.4061 	4.50668e-33	153   	2.23298 	15.6133	50 	27 	7  	153   	3.17025
51 	175   	0.183233 	51 	14.0504 	4.50668e-33	175   	0.884965	15.54  	51 	27 	7  	175   	3.10082
52 	164   	0.145496 	52 	15.1606 	4.50668e-33	164   	0.884748	15.3533	52 	25 	7  	164   	3.14883
53 	158   	0.171717 	53 	14.136  	4.50668e-33	158   	0.845794	15.5933	53 	29 	7  	158   	3.29969
54 	166   	0.124148 	54 	15.1606 	4.50668e-33	166   	0.881141	15.5533	54 	25 	7  	166   	3.18337
55 	162   	0.180963 	55 	14.136  	4.50668e-33	162   	1.15791 	15.6067	55 	25 	7  	162   	2.60614
56 	161   	0.28782  	56 	26.4593 	4.50668e-33	161   	1.9253  	15.58  	56 	27 	3  	161   	3.01058
57 	161   	0.152919 	57 	14.136  	4.50668e-33	161   	0.848412	15.6933	57 	27 	7  	161   	3.33056
58 	186   	0.157841 	58 	14.136  	4.50668e-33	186   	0.831533	15.52  	58 	25 	5  	186   	3.11067
59 	177   	0.151494 	59 	8.13389 	4.50668e-33	177   	0.518166	15.6   	59 	31 	7  	177   	3.40392
60 	164   	2.50589  	60 	705.729 	4.50668e-33	164   	40.6773 	15.3867	60 	27 	7  	164   	2.97274
61 	161   	0.199826 	61 	26.4593 	4.50668e-33	161   	1.54392 	15.52  	61 	29 	7  	161   	3.2695 
62 	159   	0.134733 	62 	13.9581 	4.50668e-33	159   	0.836819	15.5333	62 	27 	7  	159   	3.13829
63 	163   	0.110585 	63 	1.74333 	4.50668e-33	163   	0.209933	15.62  	63 	27 	7  	163   	3.0026 
64 	171   	3.84049  	64 	1094.72 	4.50668e-33	171   	63.1059 	15.6467	64 	29 	7  	171   	3.4441 
65 	157   	0.151783 	65 	14.136  	4.50668e-33	157   	0.834499	15.6933	65 	29 	7  	157   	3.40186
66 	160   	0.208272 	66 	31.721  	4.50668e-33	160   	1.83525 	15.66  	66 	29 	7  	160   	3.21731
67 	168   	0.125193 	67 	14.136  	4.50668e-33	168   	0.838118	15.5733	67 	31 	7  	168   	3.28501
68 	168   	0.151424 	68 	14.136  	4.50668e-33	168   	0.83228 	15.6867	68 	31 	7  	168   	2.80389
69 	164   	0.224133 	69 	26.4593 	4.50668e-33	164   	1.73098 	15.6533	69 	25 	7  	164   	3.10695
70 	166   	0.119385 	70 	14.136  	4.50668e-33	166   	0.823996	15.5933	70 	29 	7  	166   	2.79189
71 	180   	0.100213 	71 	1.33546 	4.50668e-33	180   	0.190018	15.5667	71 	31 	7  	180   	3.10895
72 	175   	0.239116 	72 	26.4593 	4.50668e-33	175   	1.73017 	15.4667	72 	25 	7  	175   	3.09336
73 	177   	0.132808 	73 	1.7483  	4.50668e-33	177   	0.228155	15.42  	73 	25 	7  	177   	3.15757
74 	155   	0.181778 	74 	26.4593 	4.50668e-33	155   	1.53073 	15.5533	74 	25 	5  	155   	3.09847
75 	151   	0.189255 	75 	14.0194 	4.50668e-33	151   	1.1529  	15.5333	75 	31 	7  	151   	2.80159
76 	183   	0.196345 	76 	14.6472 	4.50668e-33	183   	1.17821 	15.48  	76 	33 	7  	183   	3.4151 
77 	177   	0.233285 	77 	26.4593 	4.50668e-33	177   	1.72851 	15.4933	77 	27 	7  	177   	3.2491 
78 	172   	0.0959518	78 	1.4085  	4.50668e-33	172   	0.199106	15.7067	78 	31 	7  	172   	3.08663
79 	137   	0.0818531	79 	1.25698 	4.50668e-33	137   	0.172279	15.5   	79 	25 	7  	137   	2.86182
80 	150   	0.283259 	80 	26.4593 	4.50668e-33	150   	1.90873 	15.5867	80 	25 	7  	150   	2.4878 
81 	154   	0.141958 	81 	15.0932 	4.50668e-33	154   	0.892328	15.5667	81 	23 	7  	154   	2.4844 
82 	179   	0.277626 	82 	26.4593 	4.50668e-33	179   	1.91504 	15.56  	82 	27 	7  	179   	3.21347
83 	151   	0.0864544	83 	1.15174 	4.50668e-33	151   	0.17364 	15.5667	83 	27 	3  	151   	3.02196
84 	172   	0.160961 	84 	14.136  	4.50668e-33	172   	0.852718	15.5467	84 	25 	7  	172   	2.61683
85 	161   	0.22674  	85 	26.4593 	4.50668e-33	161   	1.72821 	15.5933	85 	25 	7  	161   	2.98127
86 	161   	1.03785  	86 	270.427 	4.50668e-33	161   	15.6013 	15.6   	86 	25 	7  	161   	3.03535
87 	185   	4.00748  	87 	1143.21 	4.50668e-33	185   	65.8995 	15.7267	87 	27 	7  	185   	3.39685
88 	144   	0.261286 	88 	26.4593 	4.50668e-33	144   	2.15442 	15.6067	88 	25 	3  	144   	2.67681
89 	161   	0.266279 	89 	26.4593 	4.50668e-33	161   	1.90785 	15.5867	89 	25 	7  	161   	3.0115 
90 	146   	0.136473 	90 	14.0616 	4.50668e-33	146   	0.825589	15.7133	90 	27 	7  	146   	2.8445 
91 	166   	0.151509 	91 	15.0932 	4.50668e-33	166   	0.890098	15.5933	91 	27 	7  	166   	3.03446
92 	169   	0.145678 	92 	15.0932 	4.50668e-33	169   	0.884159	15.6267	92 	25 	7  	169   	2.86716
93 	172   	0.11857  	93 	1.90624 	4.50668e-33	172   	0.24169 	15.64  	93 	35 	7  	172   	3.09253
94 	180   	0.103881 	94 	5.27949 	4.50668e-33	180   	0.353084	15.8867	94 	35 	7  	180   	3.29046
95 	166   	0.124458 	95 	15.0932 	4.50668e-33	166   	0.885137	15.66  	95 	27 	7  	166   	3.04703
96 	162   	0.219144 	96 	26.4593 	4.50668e-33	162   	1.72649 	15.76  	96 	27 	7  	162   	3.11273
97 	176   	0.229722 	97 	26.4593 	4.50668e-33	176   	1.73257 	15.7733	97 	25 	7  	176   	2.86856
98 	160   	0.116207 	98 	8.73232 	4.50668e-33	160   	0.535355	15.7533	98 	27 	7  	160   	2.95395
99 	159   	0.14671  	99 	14.136  	4.50668e-33	159   	0.881514	15.78  	99 	27 	7  	159   	3.03616
100	161   	0.107367 	100	2.95642 	4.50668e-33	161   	0.26556 	15.7667	100	25 	7  	161   	3.11323

mutNodeReplacement hof:
1. add(add(x, mul(x, x)), mul(x, mul(x, add(x, mul(x, x)))))
2. add(add(x, mul(x, x)), mul(x, mul(add(x, mul(x, mul(1, x))), mul(1, x))))
3. add(add(x, mul(x, x)), mul(sub(x, 0), mul(add(x, mul(x, x)), x)))
4. add(add(x, mul(x, x)), mul(x, mul(add(x, mul(x, mul(1, x))), x)))
5. add(add(x, mul(x, x)), mul(x, mul(add(x, mul(x, x)), x)))




Subtree Mutation:
   	      	                            fitness                             	                      size                     
   	      	----------------------------------------------------------------	-----------------------------------------------
gen	nevals	avg      	gen	max    	min        	nevals	std     	avg    	gen	max	min	nevals	std    
0  	0     	0.107367 	0  	2.95642	4.50668e-33	0     	0.26556 	15.7667	0  	25 	7  	0     	3.11323
1  	166   	0.128483 	1  	2.00833	4.50668e-33	166   	0.271255	15.7767	1  	28 	1  	166   	3.48044
2  	167   	0.231257 	2  	17.4642	4.50668e-33	167   	1.1612  	15.7333	2  	29 	1  	167   	3.64539
3  	185   	0.208802 	3  	16.8995	4.50668e-33	185   	1.04471 	15.8733	3  	29 	3  	185   	3.58849
4  	159   	0.129958 	4  	2.9829 	4.50668e-33	159   	0.306952	15.61  	4  	29 	1  	159   	3.59508
5  	158   	0.101251 	5  	2.3179 	4.50668e-33	158   	0.260856	15.86  	5  	30 	4  	158   	3.15918
6  	183   	0.154879 	6  	2.81333	4.50668e-33	183   	0.321802	15.7433	6  	34 	1  	183   	3.81193
7  	166   	0.182219 	7  	7.40348	4.50668e-33	166   	0.534018	15.73  	7  	27 	1  	166   	3.94256
8  	168   	0.189813 	8  	14.4187	4.50668e-33	168   	0.883486	16.0767	8  	31 	3  	168   	4.12199
9  	173   	0.128413 	9  	2.00833	4.50668e-33	173   	0.237508	16.4933	9  	33 	7  	173   	3.80131
10 	161   	0.122877 	10 	3.88988	4.50668e-33	161   	0.295583	16.29  	10 	35 	1  	161   	3.78584
11 	167   	0.115295 	11 	1.47223	4.50668e-33	167   	0.218922	16.34  	11 	33 	1  	167   	3.75469
12 	167   	0.105327 	12 	1.87333	4.50668e-33	167   	0.228331	16.4233	12 	35 	1  	167   	4.11146
13 	179   	0.139207 	13 	4.67348	4.50668e-33	179   	0.361976	16.3967	13 	35 	6  	179   	3.74602
14 	176   	0.221589 	14 	16.2332	4.50668e-33	176   	0.992141	16.23  	14 	31 	1  	176   	4.2155 
15 	171   	0.139635 	15 	2.54124	4.50668e-33	171   	0.301761	15.8567	15 	37 	1  	171   	4.26491
16 	149   	0.110142 	16 	3.55225	4.50668e-33	149   	0.266936	15.8833	16 	27 	1  	149   	3.76515
17 	174   	0.194219 	17 	15.4477	4.50668e-33	174   	0.937844	16.0967	17 	30 	1  	174   	3.56847
18 	157   	0.0980151	18 	2.9829 	4.50668e-33	157   	0.25806 	16.01  	18 	25 	1  	157   	3.5057 
19 	153   	0.117771 	19 	6.22181	4.50668e-33	153   	0.401127	15.9633	19 	27 	1  	153   	3.33996
20 	171   	0.119339 	20 	2.3179 	4.50668e-33	171   	0.252703	15.96  	20 	35 	1  	171   	4.02721
21 	179   	0.124148 	21 	2.38281	4.50668e-33	179   	0.278206	15.74  	21 	35 	1  	179   	4.46084
22 	163   	0.157712 	22 	15.0932	4.50668e-33	163   	0.900067	15.8167	22 	33 	1  	163   	3.87424
23 	141   	0.111697 	23 	2.3179 	4.50668e-33	141   	0.272335	15.73  	23 	27 	1  	141   	3.67202
24 	165   	0.116324 	24 	2.01389	4.50668e-33	165   	0.248291	15.64  	24 	35 	1  	165   	3.96952
25 	147   	0.105703 	25 	2.76958	4.50668e-33	147   	0.266647	15.9633	25 	33 	1  	147   	3.6917 
26 	171   	0.287332 	26 	18.9739	4.50668e-33	171   	1.67505 	15.5533	26 	31 	2  	171   	3.8402 
27 	153   	0.106347 	27 	1.33546	4.50668e-33	153   	0.223542	15.6267	27 	31 	1  	153   	3.27322
28 	158   	0.14109  	28 	6.28333	4.50668e-33	158   	0.501763	15.6667	28 	31 	1  	158   	3.72678
29 	160   	0.13124  	29 	2.54124	4.50668e-33	160   	0.299941	15.9733	29 	33 	3  	160   	3.96139
30 	148   	0.106103 	30 	1.90624	4.50668e-33	148   	0.223157	16.2633	30 	40 	4  	148   	4.46326
31 	172   	0.161634 	31 	14.136 	4.50668e-33	172   	0.833337	15.7233	31 	37 	3  	172   	3.91494
32 	162   	0.145968 	32 	14.4187	4.50668e-33	162   	0.847413	15.6967	32 	29 	3  	162   	3.35827
33 	183   	0.118898 	33 	2.8819 	4.50668e-33	183   	0.283142	15.7667	33 	33 	1  	183   	3.66864
34 	166   	0.095472 	34 	1.435  	4.50668e-33	166   	0.205215	15.9867	34 	33 	6  	166   	3.12727
35 	153   	0.119383 	35 	2.68605	4.50668e-33	153   	0.283449	16.34  	35 	33 	2  	153   	4.28615
36 	162   	0.134897 	36 	3.29833	4.50668e-33	162   	0.3516  	16.4   	36 	33 	1  	162   	4.53431
37 	155   	0.122197 	37 	3.35292	4.50668e-33	155   	0.290782	16.49  	37 	39 	3  	155   	4.6314 
38 	141   	0.0973406	38 	1.60057	4.50668e-33	141   	0.19402 	16.7633	38 	31 	1  	141   	4.62392
39 	146   	0.111969 	39 	2.9829 	4.50668e-33	146   	0.263125	17.32  	39 	37 	1  	146   	5.307  
40 	168   	0.231459 	40 	22.6535	4.50668e-33	168   	1.66263 	17.7633	40 	41 	2  	168   	5.72602
41 	199   	0.117504 	41 	2.99887	4.50668e-33	199   	0.277763	17.81  	41 	39 	2  	199   	5.64452
42 	165   	0.162909 	42 	17.0834	4.50668e-33	165   	1.00331 	17.9433	42 	41 	2  	165   	5.97998
43 	172   	0.161267 	43 	4.55364	4.50668e-33	172   	0.413371	18.44  	43 	43 	3  	172   	6.62015
44 	154   	0.133738 	44 	3.72656	4.50668e-33	154   	0.360313	17.7867	44 	41 	7  	154   	6.19902
45 	172   	0.148069 	45 	1.87333	4.50668e-33	172   	0.29599 	18.2333	45 	48 	1  	172   	6.56193
46 	174   	0.167479 	46 	3.40225	4.50668e-33	174   	0.372235	18.14  	46 	52 	3  	174   	6.99622
47 	151   	0.0939066	47 	1.47223	4.50668e-33	151   	0.197208	18.95  	47 	52 	2  	151   	7.45481
48 	140   	0.123724 	48 	8.54689	4.50668e-33	140   	0.529738	19.3   	48 	50 	7  	140   	7.18355
49 	181   	0.133674 	49 	3.72656	4.50668e-33	181   	0.315663	19.14  	49 	45 	2  	181   	7.17916
50 	173   	1.06116  	50 	280.212	4.50668e-33	173   	16.1465 	19.9067	50 	51 	3  	173   	7.94468
51 	159   	0.179894 	51 	14.0504	4.50668e-33	159   	0.855317	20.9833	51 	60 	1  	159   	8.63731
52 	188   	0.165026 	52 	16.8832	4.50668e-33	188   	0.989748	21.3667	52 	51 	1  	188   	9.04538
53 	166   	0.163667 	53 	6.85956	4.50668e-33	166   	0.487213	23.0167	53 	51 	1  	166   	9.99515
54 	151   	0.108219 	54 	1.5575 	4.50668e-33	151   	0.240283	23.2867	54 	51 	1  	151   	10.0325
55 	170   	0.124352 	55 	11.1646	4.50668e-33	170   	0.67191 	23.54  	55 	65 	5  	170   	10.5875
56 	204   	0.154926 	56 	5.00723	4.50668e-33	204   	0.371689	23.4067	56 	65 	1  	204   	10.6271
57 	166   	0.193615 	57 	17.6412	4.50668e-33	166   	1.04989 	24.6467	57 	58 	3  	166   	11.3928
58 	157   	0.113619 	58 	1.65939	4.50668e-33	157   	0.245781	26.6733	58 	60 	1  	157   	11.8254
59 	154   	3.82938  	59 	1098.69	4.50668e-33	154   	63.3268 	26.0367	59 	67 	1  	154   	11.6159
60 	168   	0.0908773	60 	1.435  	4.50668e-33	168   	0.194816	27.3667	60 	62 	1  	168   	12.3247
61 	153   	0.102325 	61 	2.13092	4.50668e-33	153   	0.267627	28.4267	61 	73 	2  	153   	12.6055
62 	172   	0.23674  	62 	15.0932	4.50668e-33	172   	1.27674 	28.7667	62 	75 	2  	172   	12.8897
63 	173   	0.147955 	63 	14.136 	4.50668e-33	173   	0.852799	29.3233	63 	75 	1  	173   	13.7091
64 	174   	0.0990971	64 	1.435  	4.50668e-33	174   	0.209499	30.2433	64 	75 	7  	174   	13.6525
65 	168   	3.70691  	65 	1077.6 	4.50668e-33	168   	62.1067 	29.7433	65 	75 	2  	168   	13.5141
66 	163   	1.02141  	66 	269.421	4.50668e-33	163   	15.5279 	29.99  	66 	75 	3  	163   	13.8296
67 	163   	0.129428 	67 	5.23477	4.50668e-33	163   	0.47784 	31.83  	67 	83 	6  	163   	13.9769
68 	168   	3.96048  	68 	1144.66	4.50668e-33	168   	65.9718 	32.43  	68 	78 	5  	168   	13.6225
69 	151   	0.110435 	69 	6.20939	4.50668e-33	151   	0.457321	33.5567	69 	78 	2  	151   	13.7729
70 	158   	0.106031 	70 	5.57832	4.50668e-33	158   	0.423591	34.3233	70 	76 	3  	158   	13.2604
71 	188   	0.12619  	71 	11.0636	4.50668e-33	188   	0.671738	35.9733	71 	85 	2  	188   	14.2007
72 	169   	0.445579 	72 	89.4422	4.50668e-33	169   	5.18425 	36.2433	72 	86 	7  	169   	13.8936
73 	185   	0.120583 	73 	5.57832	4.50668e-33	185   	0.408394	37.18  	73 	74 	9  	185   	13.7415
74 	183   	0.128244 	74 	6.90831	4.50668e-33	183   	0.500476	38.8833	74 	89 	3  	183   	14.9496
75 	152   	0.147004 	75 	15.751 	4.50668e-33	152   	1.00456 	39.5567	75 	84 	1  	152   	14.5991
76 	181   	0.0641744	76 	2.26277	4.50668e-33	181   	0.189345	39.7067	76 	84 	3  	181   	13.8586
77 	160   	0.073048 	77 	1.435  	4.50668e-33	160   	0.216849	41.0133	77 	84 	1  	160   	14.6849
78 	188   	3.75057  	78 	1080.67	4.50668e-33	188   	62.2849 	42.2733	78 	96 	7  	188   	15.8787
79 	146   	0.0973009	79 	11.2506	4.50668e-33	146   	0.674726	43.62  	79 	84 	7  	146   	14.9834
80 	158   	0.0828186	80 	2.25775	4.50668e-33	158   	0.268094	44.3633	80 	102	9  	158   	16.1238
81 	164   	0.0843801	81 	4.80527	4.50668e-33	164   	0.369469	43.7267	81 	102	4  	164   	17.1246
82 	155   	0.0908471	82 	1.73968	3.89038e-33	155   	0.269794	45.4133	82 	108	10 	155   	17.3579
83 	162   	0.0655953	83 	3.10441	3.89038e-33	162   	0.261366	45.5033	83 	90 	1  	162   	16.3376
84 	174   	0.11752  	84 	14.136 	3.89038e-33	174   	0.842586	44.7   	84 	123	7  	174   	17.255 
85 	181   	0.0807186	85 	1.435  	3.89038e-33	181   	0.211618	46.4767	85 	126	7  	181   	17.5245
86 	188   	0.0732513	86 	4.02965	3.89038e-33	188   	0.29333 	45.9533	86 	98 	6  	188   	17.3216
87 	183   	0.0793098	87 	5.54333	3.89038e-33	183   	0.364092	46.7333	87 	101	2  	183   	17.3113
88 	167   	0.16052  	88 	15.601 	3.89038e-33	167   	1.0349  	45.9733	88 	93 	1  	167   	17.779 
89 	171   	0.0560741	89 	1.37025	3.89038e-33	171   	0.156115	46     	89 	107	1  	171   	18.4375
90 	152   	0.172876 	90 	22.0573	3.89038e-33	152   	1.32154 	44.7533	90 	103	4  	152   	17.4902
91 	188   	0.115272 	91 	3.10332	3.89038e-33	188   	0.346076	41.53  	91 	103	7  	188   	18.621 
92 	172   	0.176813 	92 	15.0932	3.89038e-33	172   	1.1842  	39.75  	92 	103	7  	172   	16.2173
93 	171   	0.1016   	93 	2.00833	3.89038e-33	171   	0.259801	39.1767	93 	103	6  	171   	16.1201
94 	169   	0.113523 	94 	6.20939	3.89038e-33	169   	0.419519	38.4133	94 	103	7  	169   	14.63  
95 	152   	0.257601 	95 	14.136 	3.89038e-33	152   	1.42136 	38.8833	95 	104	5  	152   	15.2406
96 	159   	0.137203 	96 	15.801 	3.89038e-33	159   	0.931327	39.15  	96 	79 	2  	159   	13.7526
97 	154   	0.104459 	97 	3.72656	3.89038e-33	154   	0.321474	42.3967	97 	93 	7  	154   	15.2663
98 	172   	0.0950319	98 	2.9829 	3.89038e-33	172   	0.28442 	41.4267	98 	106	3  	172   	17.3787
99 	162   	0.224252 	99 	27.9092	3.89038e-33	162   	1.79362 	45.09  	99 	112	3  	162   	18.4747
100	183   	0.101994 	100	3.72656	3.89038e-33	183   	0.32799 	46.36  	100	106	7  	183   	18.5926

mutUniform hof:
1. add(add(x, mul(x, x)), mul(x, mul(add(x, mul(x, mul(protectedDiv(neg(1), mul(0, mul(x, x))), add(add(x, -1), cos(0))))), x)))
2. add(add(x, mul(x, x)), mul(x, mul(add(x, mul(x, mul(protectedDiv(mul(protectedDiv(1, x), add(x, x)), mul(0, sin(x))), add(add(x, -1), cos(0))))), x)))
3. add(add(x, mul(x, x)), mul(x, mul(add(x, mul(x, mul(protectedDiv(mul(x, add(x, mul(x, x))), mul(0, mul(x, x))), add(add(x, -1), cos(0))))), x)))
4. add(add(x, mul(x, x)), mul(x, mul(add(x, mul(x, mul(protectedDiv(mul(x, sub(protectedDiv(1, x), neg(0))), mul(0, mul(x, x))), add(add(x, -1), cos(0))))), x)))
5. add(add(x, mul(x, x)), mul(x, mul(add(x, mul(x, mul(protectedDiv(mul(protectedDiv(1, x), add(x, x)), mul(0, mul(x, x))), add(add(x, -1), cos(0))))), x)))
