Point Mutation:
   	      	                            fitness                             	                      size                      
   	      	----------------------------------------------------------------	------------------------------------------------
gen	nevals	avg     	gen	max    	min     	nevals	std     	avg    	gen	max	min	nevals	std     
0  	300   	1.78879 	0  	30.34  	0.450825	300   	2.67896 	3.54667	0  	7  	2  	300   	1.49482 
1  	162   	1.24169 	1  	18.9739	0.450825	162   	1.60654 	3.38667	1  	9  	2  	162   	1.45275 
2  	157   	0.870143	2  	3.35292	0.328818	157   	0.509042	3.27   	2  	9  	2  	157   	1.20986 
3  	156   	0.777496	3  	3.35292	0.328818	156   	0.496295	3.14333	3  	7  	2  	156   	0.94311 
4  	156   	0.822149	4  	2.9829 	0.328818	156   	0.538295	3.19667	4  	7  	2  	156   	0.839438
5  	179   	0.918639	5  	2.9829 	0.328818	179   	0.646842	3.35667	5  	6  	2  	179   	0.85017 
6  	166   	0.928034	6  	11.0636	0.328818	166   	0.901002	3.38667	6  	7  	2  	166   	0.925827
7  	166   	0.829302	7  	2.9829 	0.328818	166   	0.515304	3.55333	7  	8  	2  	166   	0.95594 
8  	170   	0.890665	8  	2.9829 	0.328818	170   	0.617361	3.70333	8  	7  	2  	170   	1.03376 
9  	189   	0.929912	9  	4.27872	0.310822	189   	0.659745	3.87   	9  	8  	2  	189   	1.14007 
10 	180   	0.853901	10 	6.85956	0.274004	180   	0.681037	4.24   	10 	8  	2  	180   	1.29192 
11 	145   	0.806751	11 	16.5323	0.310822	145   	1.15466 	4.61667	11 	8  	2  	145   	1.27921 
12 	187   	0.888931	12 	4.27872	0.274004	187   	0.864138	4.83   	12 	11 	2  	187   	1.37153 
13 	175   	0.76278 	13 	6.85956	0.274004	175   	0.797783	4.78667	13 	8  	2  	175   	1.24946 
14 	180   	0.65563 	14 	4.27872	0.274004	180   	0.612824	4.97333	14 	9  	2  	180   	1.39975 
15 	134   	0.591316	15 	4.00935	0.274004	134   	0.587028	5.29667	15 	10 	3  	134   	1.44982 
16 	181   	0.607189	16 	3.78519	0.274004	181   	0.566707	5.61667	16 	11 	3  	181   	1.66425 
17 	155   	0.531022	17 	3.78519	0.274004	155   	0.483473	6.02333	17 	11 	3  	155   	1.77842 
18 	158   	0.50264 	18 	3.35292	0.274004	158   	0.481357	6.30667	18 	12 	3  	158   	1.59769 
19 	157   	0.453701	19 	2.97422	0.274004	157   	0.420186	6.16333	19 	12 	3  	157   	1.66633 
20 	170   	0.477883	20 	2.30335	0.274004	170   	0.433808	5.87667	20 	11 	3  	170   	1.65775 
21 	176   	0.505249	21 	2.54124	0.274004	176   	0.475513	5.86333	21 	12 	3  	176   	1.6567  
22 	173   	0.537699	22 	2.73457	0.274004	173   	0.521087	5.90667	22 	12 	3  	173   	1.72953 
23 	178   	0.457342	23 	2.99872	0.274004	178   	0.421732	5.92   	23 	11 	3  	178   	1.6473  
24 	167   	0.459622	24 	3.62941	0.274004	167   	0.43722 	5.88   	24 	12 	3  	167   	1.56384 
25 	180   	0.507587	25 	2.43566	0.274004	180   	0.456699	5.89333	25 	12 	3  	180   	1.56054 
26 	152   	0.421096	26 	2.48983	0.274004	152   	0.369729	5.90667	26 	13 	3  	152   	1.4848  
27 	169   	0.514819	27 	2.34504	0.274004	169   	0.46748 	5.99667	27 	13 	3  	169   	1.66833 
28 	183   	0.473959	28 	2.19883	0.274004	183   	0.394597	5.96333	28 	13 	3  	183   	1.65388 
29 	173   	0.493381	29 	2.19883	0.274004	173   	0.437591	6.04   	29 	14 	3  	173   	1.7977  
30 	195   	0.534568	30 	2.5105 	0.274004	195   	0.490356	5.95   	30 	12 	3  	195   	1.81315 
31 	156   	0.452369	31 	2.21725	0.274004	156   	0.406873	6.09333	31 	13 	3  	156   	1.83429 
32 	171   	0.484577	32 	2.34504	0.274004	171   	0.431535	5.99667	32 	13 	3  	171   	1.96892 
33 	164   	0.473069	33 	2.77889	0.274004	164   	0.469971	6.12   	33 	15 	3  	164   	1.84904 
34 	158   	0.442163	34 	2.46581	0.274004	158   	0.381506	6.00667	34 	12 	3  	158   	1.93045 
35 	166   	0.501318	35 	2.34504	0.274004	166   	0.477503	6.07667	35 	12 	3  	166   	1.92114 
36 	152   	0.469035	36 	2.54124	0.274004	152   	0.442939	6.14   	36 	16 	3  	152   	1.99843 
37 	153   	0.486986	37 	2.34504	0.274004	153   	0.444159	6.30333	37 	14 	3  	153   	2.11613 
38 	164   	0.461159	38 	2.19883	0.274004	164   	0.419697	6.37   	38 	14 	3  	164   	2.04608 
39 	168   	0.485177	39 	2.19883	0.274004	168   	0.455827	6.35   	39 	14 	3  	168   	1.89231 
40 	155   	0.498285	40 	2.34504	0.274004	155   	0.473082	6.38   	40 	14 	3  	155   	1.97373 

mutNodeReplacement hof:
1. add(cos(cos(neg(x))), x)
2. add(cos(cos(neg(neg(neg(x))))), x)
3. add(cos(cos(neg(neg(x)))), x)
4. add(cos(cos(x)), x)
5. add(cos(cos(protectedDiv(x, -1))), x)




Subtree Mutation:
   	      	                            fitness                             	                      size                     
   	      	----------------------------------------------------------------	-----------------------------------------------
gen	nevals	avg     	gen	max    	min        	nevals	std     	avg    	gen	max	min	nevals	std    
0  	0     	0.498285	0  	2.34504	0.274004   	0     	0.473082	6.38   	0  	14 	3  	0     	1.97373
1  	157   	0.520533	1  	2.9829 	0.274004   	157   	0.52104 	6.37667	1  	13 	1  	157   	2.01696
2  	162   	0.546653	2  	12.0339	0.101561   	162   	0.835628	6.39   	2  	13 	1  	162   	2.09234
3  	172   	0.518698	3  	2.9829 	0.101561   	172   	0.467038	6.27333	3  	14 	1  	172   	2.00631
4  	168   	0.755531	4  	21.5456	0.101561   	168   	1.91745 	6.36667	4  	12 	1  	168   	1.92671
5  	175   	0.53517 	5  	3.48241	0.101561   	175   	0.563449	6.19   	5  	13 	1  	175   	1.92369
6  	159   	0.49319 	6  	2.99872	0.0331386  	159   	0.545678	6.6    	6  	17 	3  	159   	2.19848
7  	186   	4.38979 	7  	1103.23	0.0331386  	186   	63.6599 	6.81   	7  	14 	1  	186   	2.35809
8  	164   	0.512101	8  	6.36889	0.0210228  	164   	0.671071	7.42333	8  	17 	1  	164   	2.67285
9  	148   	0.509409	9  	2.9829 	0.0210228  	148   	0.671053	7.72333	9  	19 	1  	148   	2.56517
10 	165   	0.490444	10 	5.41208	0.0253803  	165   	0.789936	8.17333	10 	19 	1  	165   	2.85831
11 	152   	0.46732 	11 	6.34894	0.0210228  	152   	0.846357	8.54333	11 	21 	3  	152   	2.78474
12 	174   	0.509496	12 	6.41148	0.0253803  	174   	0.865529	9.43333	12 	20 	2  	174   	2.92556
13 	166   	0.558372	13 	19.0973	0.0253803  	166   	1.3893  	10.0267	13 	21 	3  	166   	3.05712
14 	150   	0.355351	14 	5.41208	0.0205557  	150   	0.786308	10.38  	14 	22 	1  	150   	3.11485
15 	194   	0.401517	15 	24.5829	8.16594e-33	194   	1.5325  	10.63  	15 	22 	3  	194   	3.0375 
16 	180   	0.375585	16 	22.0856	8.16594e-33	180   	1.38983 	10.5933	16 	23 	1  	180   	3.18663
17 	169   	0.333124	17 	4.7462 	8.16594e-33	169   	0.657205	10.9567	17 	27 	1  	169   	3.79844
18 	165   	0.331288	18 	6.85399	7.08742e-33	165   	0.688036	11.2533	18 	27 	1  	165   	4.17482
19 	173   	0.360651	19 	7.3471 	7.08742e-33	173   	0.830886	11.8767	19 	34 	4  	173   	4.57618
20 	163   	0.355786	20 	17.3927	7.08742e-33	163   	1.16175 	12.0633	20 	28 	3  	163   	4.41505
21 	168   	0.344038	21 	9.55288	5.3926e-33 	168   	0.834606	13.52  	21 	32 	1  	168   	4.95745
22 	172   	0.26469 	22 	3.80819	5.3926e-33 	172   	0.521373	14.2733	22 	29 	5  	172   	4.59187
23 	167   	0.237491	23 	3.76732	5.3926e-33 	167   	0.49902 	15.37  	23 	35 	1  	167   	5.80802
24 	160   	0.220794	24 	4.30229	5.3926e-33 	160   	0.524297	15.9867	24 	39 	1  	160   	6.05859
25 	171   	0.317575	25 	4.35857	5.3926e-33 	171   	0.621216	17.05  	25 	35 	5  	171   	6.15853
26 	171   	0.281473	26 	4.02035	5.3926e-33 	171   	0.570119	17.6133	26 	51 	3  	171   	6.37682
27 	163   	3.97921 	27 	1098.95	5.3926e-33 	163   	63.3352 	18.23  	27 	40 	3  	163   	6.10277
28 	172   	0.34747 	28 	8.0055 	5.3926e-33 	172   	0.821722	18.27  	28 	45 	3  	172   	6.38308
29 	182   	0.429732	29 	13.9581	5.3926e-33 	182   	1.07879 	17.59  	29 	45 	6  	182   	6.25635
30 	150   	0.357532	30 	4.35857	5.3926e-33 	150   	0.773816	16.8633	30 	41 	5  	150   	6.27359
31 	174   	0.363775	31 	5.95857	5.3926e-33 	174   	0.769167	15.7767	31 	34 	1  	174   	5.44182
32 	159   	0.36757 	32 	7.01562	5.3926e-33 	159   	0.824982	15.25  	32 	37 	1  	159   	5.9465 
33 	171   	0.401551	33 	14.9755	5.3926e-33 	171   	1.10342 	14.6833	33 	37 	1  	171   	5.1332 
34 	192   	4.14215 	34 	1113.88	5.3926e-33 	192   	64.182  	15.2867	34 	38 	1  	192   	5.61585
35 	161   	0.449348	35 	9.82225	5.3926e-33 	161   	1.01204 	15.48  	35 	38 	3  	161   	5.68239
36 	173   	0.37273 	36 	5.95857	5.3926e-33 	173   	0.746814	15.9   	36 	35 	2  	173   	5.95343
37 	177   	0.464835	37 	16.0914	5.3926e-33 	177   	1.24174 	15.5433	37 	39 	1  	177   	6.17696
38 	177   	0.490777	38 	18.7494	5.3926e-33 	177   	1.55075 	16.6633	38 	39 	1  	177   	6.92507
39 	211   	0.398365	39 	8.93197	5.3926e-33 	211   	0.841901	16.4033	39 	51 	1  	211   	7.40725
40 	145   	0.324932	40 	4.703  	5.3926e-33 	145   	0.726709	17.58  	40 	41 	1  	145   	7.96473

mutUniform hof:
1. mul(add(mul(add(mul(add(mul(add(mul(0, x), mul(x, 0)), 1), x), x), mul(x, 0)), 1), x), add(1, mul(x, x)))
2. mul(add(mul(x, x), neg(neg(x))), add(1, mul(x, x)))
3. mul(add(mul(x, x), 1), add(x, mul(x, x)))
4. mul(add(mul(add(mul(x, x), mul(x, 0)), 1), x), add(1, mul(x, x)))
5. mul(add(mul(x, x), x), add(1, mul(x, x)))
